#Layer_Color=0
#
#Feature symbol names
#
$0 r1.9685
$1 r3.937
$2 r6

#
#Feature attribute names
#

#
#Layer features
#
L 0.0350399 1.4374021 0.0350399 1.5437001 0 P 0
L 0.0350399 1.4374021 0.0940939 1.4374021 0 P 0
L 0.0350399 1.5437001 0.0940939 1.5437001 0 P 0
L 0.0458659 1.4905521 0.0832679 1.4905521 1 P 0
L 0.0511819 0.2696841 0.0511819 0.4035441 0 P 0
L 0.0511819 0.2696841 0.1259839 0.2696841 0 P 0
L 0.0511819 0.4035441 0.1259839 0.4035441 0 P 0
L 0.0645679 1.4718501 0.0645679 1.5092521 1 P 0
L 0.0688979 0.3366141 0.1082679 0.3366141 1 P 0
L 0.0885819 0.3169301 0.0885819 0.3563001 1 P 0
L 0.0940939 1.4374021 0.0940939 1.5437001 0 P 0
L 0.1062879 1.4356621 0.1062879 1.5399301 2 P 0
L 0.1062879 1.4356621 0.1417879 1.4356621 2 P 0
L 0.1062879 1.5399301 0.1417879 1.5399301 2 P 0
L 0.1259839 0.2696841 0.1259839 0.4035441 0 P 0
L 0.1397639 1.1708661 0.1397639 1.3763781 0 P 0
L 0.1397639 1.1708661 0.2736219 1.1708661 0 P 0
L 0.1397639 1.3763781 0.2736219 1.3763781 0 P 0
L 0.1417879 1.4077961 0.1417879 1.4356621 2 P 0
L 0.1417879 1.4077961 0.2997879 1.4077961 2 P 0
L 0.1417879 1.5399301 0.1417879 1.5677961 2 P 0
L 0.1417879 1.5677961 0.2997879 1.5677961 2 P 0
L 0.1653539 1.0728341 0.1653539 1.1476381 0 P 0
L 0.1653539 1.0728341 0.2992119 1.0728341 0 P 0
L 0.1653539 1.1476381 0.2992119 1.1476381 0 P 0
L 0.1712599 0.0200781 0.1712599 1.0240161 1 P 0
L 0.1712599 0.0200781 0.8713779 0.0200781 1 P 0
L 0.1712599 1.0240161 0.8713779 1.0240161 1 P 0
L 0.1870079 1.2736221 0.2263779 1.2736221 1 P 0
L 0.2066939 1.2539361 0.2066939 1.2933081 1 P 0
L 0.2125979 1.1102361 0.2519679 1.1102361 1 P 0
L 0.2322839 1.0905521 0.2322839 1.1299221 1 P 0
L 0.2736219 1.1708661 0.2736219 1.3763781 0 P 0
L 0.2992119 1.0728341 0.2992119 1.1476381 0 P 0
L 0.2997879 1.4077961 0.2997879 1.4356621 2 P 0
L 0.2997879 1.4356621 0.3352879 1.4356621 2 P 0
L 0.2997879 1.5399301 0.2997879 1.5677961 2 P 0
L 0.2997879 1.5399301 0.3352879 1.5399301 2 P 0
L 0.3070859 1.2440941 0.3070859 1.3779521 0 P 0
L 0.3070859 1.2440941 0.3818899 1.2440941 0 P 0
L 0.3070859 1.3779521 0.3818899 1.3779521 0 P 0
L 0.3149599 1.1230321 0.3149599 1.2293301 0 P 0
L 0.3149599 1.1230321 0.3740159 1.1230321 0 P 0
L 0.3149599 1.2293301 0.3740159 1.2293301 0 P 0
L 0.3248039 1.3110241 0.3641739 1.3110241 1 P 0
L 0.3257879 1.1761821 0.3631899 1.1761821 1 P 0
L 0.3352879 1.4356621 0.3352879 1.5399301 2 P 0
L 0.3444879 1.1574801 0.3444879 1.1948821 1 P 0
L 0.3444879 1.2913381 0.3444879 1.3307081 1 P 0
L 0.3484259 1.4586621 0.3484259 1.5334641 0 P 0
L 0.3484259 1.4586621 0.4822839 1.4586621 0 P 0
L 0.3484259 1.5334641 0.4822839 1.5334641 0 P 0
L 0.3740159 1.1230321 0.3740159 1.2293301 0 P 0
L 0.3818899 1.2440941 0.3818899 1.3779521 0 P 0
L 0.3956699 1.4960621 0.4350399 1.4960621 1 P 0
L 0.4153539 1.4763781 0.4153539 1.5157481 1 P 0
L 0.4185039 1.1066921 0.4185039 1.3192921 0 P 0
L 0.4185039 1.1066921 0.7492139 1.1066921 0 P 0
L 0.4185039 1.3192921 0.7492139 1.3192921 0 P 0
L 0.4803159 1.3287401 0.4803159 1.3877961 0 P 0
L 0.4803159 1.3287401 0.5866139 1.3287401 0 P 0
L 0.4803159 1.3877961 0.5866139 1.3877961 0 P 0
L 0.4822839 1.4586621 0.4822839 1.5334641 0 P 0
L 0.5147639 1.3582681 0.5521659 1.3582681 1 P 0
L 0.5334639 1.3395661 0.5334639 1.3769681 1 P 0
L 0.5641739 1.2129921 0.6035439 1.2129921 1 P 0
L 0.5838579 1.1933061 0.5838579 1.2326761 1 P 0
L 0.5838579 1.3980321 0.5838579 1.5318901 0 P 0
L 0.5838579 1.3980321 0.7177159 1.3980321 0 P 0
L 0.5838579 1.5318901 0.7177159 1.5318901 0 P 0
L 0.5866139 1.3287401 0.5866139 1.3877961 0 P 0
L 0.5944879 1.3287401 0.5944879 1.3877961 0 P 0
L 0.5944879 1.3287401 0.7007879 1.3287401 0 P 0
L 0.5944879 1.3877961 0.7007879 1.3877961 0 P 0
L 0.6289379 1.3582681 0.6663379 1.3582681 1 P 0
L 0.6311019 1.4649601 0.6704719 1.4649601 1 P 0
L 0.6476379 1.3395661 0.6476379 1.3769681 1 P 0
L 0.6507879 1.4452761 0.6507879 1.4846461 1 P 0
L 0.7007879 1.3287401 0.7007879 1.3877961 0 P 0
L 0.7177159 1.3980321 0.7177159 1.5318901 0 P 0
L 0.7492139 1.1066921 0.7492139 1.3192921 0 P 0
L 0.7893699 1.1708661 0.7893699 1.3763781 0 P 0
L 0.7893699 1.1708661 0.9232279 1.1708661 0 P 0
L 0.7893699 1.3763781 0.9232279 1.3763781 0 P 0
L 0.7992119 1.4468501 0.7992119 1.5216541 0 P 0
L 0.7992119 1.4468501 0.9330719 1.4468501 0 P 0
L 0.7992119 1.5216541 0.9330719 1.5216541 0 P 0
L 0.8037659 1.1003408 0.8037659 1.1593948 0 P 0
L 0.8037659 1.1003408 0.9100659 1.1003408 0 P 0
L 0.8037659 1.1593948 0.9100659 1.1593948 0 P 0
L 0.8366139 1.2736221 0.8759839 1.2736221 1 P 0
L 0.8382159 1.1298688 0.8756179 1.1298688 1 P 0
L 0.8464559 1.4842521 0.8858259 1.4842521 1 P 0
L 0.8562999 1.2539361 0.8562999 1.2933081 1 P 0
L 0.8569159 1.1111668 0.8569159 1.1485688 1 P 0
L 0.8661419 1.4645661 0.8661419 1.5039381 1 P 0
L 0.8713779 0.0200781 0.8713779 1.0240161 1 P 0
L 0.9100659 1.1003408 0.9100659 1.1593948 0 P 0
L 0.9232279 1.1708661 0.9232279 1.3763781 0 P 0
L 0.9330719 1.4468501 0.9330719 1.5216541 0 P 0
S P 0
OB 0.1417875 1.5399292 I
OS 0.1417875 1.5677953
OS 0.2997875 1.5677953
OS 0.2997875 1.5399292
OS 0.3352875 1.5399292
OS 0.3352875 1.4356614
OS 0.2997875 1.4356614
OS 0.2997875 1.4077953
OS 0.1417875 1.4077953
OS 0.1417875 1.4356614
OS 0.1062875 1.4356614
OS 0.1062875 1.5399292
OS 0.1417875 1.5399292
OE
SE
