#Layer_Color=32768
#
#Feature symbol names
#
$0 r1.9685
$1 r3.937
$2 r7.874

#
#Feature attribute names
#

#
#Layer features
#
L 0.0393699 0.2578741 0.0393699 0.3917321 0 P 0
L 0.0393699 0.2578741 0.1141739 0.2578741 0 P 0
L 0.0393699 0.3917321 0.1141739 0.3917321 0 P 0
L 0.0570859 0.3248041 0.0964559 0.3248041 1 P 0
L 0.0767719 0.3051181 0.0767719 0.3444881 1 P 0
L 0.1096963 0.4927226 0.1096963 0.5990226 0 P 0
L 0.1096963 0.4927226 0.1687523 0.4927226 0 P 0
L 0.1096963 0.5990226 0.1687523 0.5990226 0 P 0
L 0.1141739 0.2578741 0.1141739 0.3917321 0 P 0
L 0.1205243 0.5458726 0.1579243 0.5458726 1 P 0
L 0.1240159 0.2578741 0.1240159 0.3917321 0 P 0
L 0.1240159 0.2578741 0.1988179 0.2578741 0 P 0
L 0.1240159 0.3917321 0.1988179 0.3917321 0 P 0
L 0.1392243 0.5271726 0.1392243 0.5645746 1 P 0
L 0.1410551 0.7972461 0.1410551 0.9035441 0 P 0
L 0.1410551 0.7972461 0.2001091 0.7972461 0 P 0
L 0.1410551 0.9035441 0.2001091 0.9035441 0 P 0
L 0.1417319 0.3248041 0.1811019 0.3248041 1 P 0
L 0.1518811 0.8503961 0.1892831 0.8503961 1 P 0
L 0.1614179 0.3051181 0.1614179 0.3444881 1 P 0
L 0.1687523 0.4927226 0.1687523 0.5990226 0 P 0
L 0.1705811 0.8316941 0.1705811 0.8690961 1 P 0
L 0.1988179 0.2578741 0.1988179 0.3917321 0 P 0
L 0.2001091 0.7972461 0.2001091 0.9035441 0 P 0
L 0.2086619 0.2578741 0.2086619 0.3917321 0 P 0
L 0.2086619 0.2578741 0.2834639 0.2578741 0 P 0
L 0.2086619 0.3917321 0.2834639 0.3917321 0 P 0
L 0.2125984 0.4173228 0.2125984 0.6850393 0 P 0
L 0.2125984 0.4173228 0.8503936 0.4173228 0 P 0
L 0.2125984 0.6850393 0.8503936 0.6850393 0 P 0
L 0.2165359 0.7972441 0.2165359 0.9035441 0 P 0
L 0.2165359 0.7972441 0.2755899 0.7972441 0 P 0
L 0.2165359 0.9035441 0.2755899 0.9035441 0 P 0
L 0.2263779 0.3248041 0.2657479 0.3248041 1 P 0
L 0.2273619 0.8503941 0.2647639 0.8503941 1 P 0
L 0.2283459 0.9736221 0.2283459 0.9807081 1 P 0
L 0.2283459 0.9736221 0.4204719 0.9736221 1 P 0
L 0.2283459 1.0468501 0.2283459 1.3389761 1 P 0
L 0.2283459 1.4460621 0.2283459 1.6724801 1 P 0
L 0.2283459 1.6724801 0.8346459 1.6724801 1 P 0
L 0.2460639 0.3051181 0.2460639 0.3444881 1 P 0
L 0.2460639 0.8316921 0.2460639 0.8690941 1 P 0
L 0.2755899 0.7972441 0.2755899 0.9035441 0 P 0
L 0.2834639 0.2578741 0.2834639 0.3917321 0 P 0
L 0.2854339 0.7972441 0.2854339 0.9035441 0 P 0
L 0.2854339 0.7972441 0.3444879 0.7972441 0 P 0
L 0.2854339 0.9035441 0.3444879 0.9035441 0 P 0
L 0.2858259 0.2559061 0.2858259 0.3937001 0 P 0
L 0.2858259 0.2559061 0.4374019 0.2559061 0 P 0
L 0.2858259 0.3937001 0.4374019 0.3937001 0 P 0
L 0.2962599 0.8503941 0.3336619 0.8503941 1 P 0
L 0.3149599 0.8316921 0.3149599 0.8690941 1 P 0
L 0.3419299 0.3248041 0.3812999 0.3248041 1 P 0
L 0.3444879 0.7972441 0.3444879 0.9035441 0 P 0
L 0.3616139 0.3051181 0.3616139 0.3444881 1 P 0
L 0.4035439 0.7972441 0.4035439 0.9035441 0 P 0
L 0.4035439 0.7972441 0.4625979 0.7972441 0 P 0
L 0.4035439 0.9035441 0.4625979 0.9035441 0 P 0
L 0.4143699 0.8503941 0.4517719 0.8503941 1 P 0
L 0.4330719 0.8316921 0.4330719 0.8690941 1 P 0
L 0.4374019 0.2559061 0.4374019 0.3937001 0 P 0
L 0.4580694 0.2537489 0.4580694 0.3876069 0 P 0
L 0.4580694 0.2537489 0.5328734 0.2537489 0 P 0
L 0.4580694 0.3876069 0.5328734 0.3876069 0 P 0
L 0.4625979 0.7972441 0.4625979 0.9035441 0 P 0
L 0.4694886 0.7972441 0.4694886 0.9035441 0 P 0
L 0.4694886 0.7972441 0.5285426 0.7972441 0 P 0
L 0.4694886 0.9035441 0.5285426 0.9035441 0 P 0
L 0.4757874 0.3206789 0.5151574 0.3206789 1 P 0
L 0.4803146 0.8503941 0.5177166 0.8503941 1 P 0
L 0.4954714 0.3009929 0.4954714 0.3403629 1 P 0
L 0.4960629 0.5708661 0.5748031 0.5708661 2 P 0
L 0.4990166 0.8316921 0.4990166 0.8690941 1 P 0
L 0.5118119 1.4074801 0.5511819 1.4074801 1 P 0
L 0.5285426 0.7972441 0.5285426 0.9035441 0 P 0
L 0.5314959 1.3877961 0.5314959 1.4271661 1 P 0
L 0.5328734 0.2537489 0.5328734 0.3876069 0 P 0
L 0.535433 0.531496 0.535433 0.6102362 2 P 0
L 0.5374033 0.7972441 0.5374033 0.9035441 0 P 0
L 0.5374033 0.7972441 0.5964573 0.7972441 0 P 0
L 0.5374033 0.9035441 0.5964573 0.9035441 0 P 0
L 0.5423237 0.2537489 0.5423237 0.3876069 0 P 0
L 0.5423237 0.2537489 0.6171257 0.2537489 0 P 0
L 0.5423237 0.3876069 0.6171257 0.3876069 0 P 0
L 0.5482293 0.8503941 0.5856313 0.8503941 1 P 0
L 0.5600397 0.3206789 0.5994097 0.3206789 1 P 0
L 0.5669293 0.8316921 0.5669293 0.8690941 1 P 0
L 0.5797237 0.3009929 0.5797237 0.3403629 1 P 0
L 0.5964573 0.7972441 0.5964573 0.9035441 0 P 0
L 0.6171257 0.2537489 0.6171257 0.3876069 0 P 0
L 0.6230314 0.2559071 0.6230314 0.3937011 0 P 0
L 0.6230314 0.2559071 0.7746054 0.2559071 0 P 0
L 0.6230314 0.3937011 0.7746054 0.3937011 0 P 0
L 0.6230317 0.7972441 0.6230317 0.9035441 0 P 0
L 0.6230317 0.7972441 0.6820857 0.7972441 0 P 0
L 0.6230317 0.9035441 0.6820857 0.9035441 0 P 0
L 0.6338577 0.8503941 0.6712597 0.8503941 1 P 0
L 0.6525597 0.8316921 0.6525597 0.8690941 1 P 0
L 0.6791334 0.3248051 0.7185034 0.3248051 1 P 0
L 0.6820857 0.7972441 0.6820857 0.9035441 0 P 0
L 0.6909806 0.7972441 0.6909806 0.9035441 0 P 0
L 0.6909806 0.7972441 0.7500366 0.7972441 0 P 0
L 0.6909806 0.9035441 0.7500366 0.9035441 0 P 0
L 0.6988174 0.3051191 0.6988174 0.3444891 1 P 0
L 0.7018066 0.8503941 0.7392086 0.8503941 1 P 0
L 0.7205086 0.8316921 0.7205086 0.8690941 1 P 0
L 0.7500366 0.7972441 0.7500366 0.9035441 0 P 0
L 0.7746054 0.2559071 0.7746054 0.3937011 0 P 0
L 0.7854327 0.2578751 0.7854327 0.3917331 0 P 0
L 0.7854327 0.2578751 0.8602347 0.2578751 0 P 0
L 0.7854327 0.3917331 0.8602347 0.3917331 0 P 0
L 0.8031487 0.3248051 0.8425187 0.3248051 1 P 0
L 0.8051181 0.4035443 0.8051181 0.4625983 0 P 0
L 0.8051181 0.4035443 0.9114181 0.4035443 0 P 0
L 0.8051181 0.4625983 0.9114181 0.4625983 0 P 0
L 0.8181099 0.9736221 0.8366139 0.9736221 1 P 0
L 0.8228347 0.3051191 0.8228347 0.3444891 1 P 0
L 0.8346459 1.0519681 0.8346459 1.3397641 1 P 0
L 0.8346459 1.4468501 0.8346459 1.6724801 1 P 0
L 0.8366139 0.9736221 0.8366139 0.9834641 1 P 0
L 0.8395661 0.4330703 0.8769681 0.4330703 1 P 0
L 0.8503936 0.4173228 0.8503936 0.6850393 0 P 0
L 0.8582681 0.4143703 0.8582681 0.4517723 1 P 0
L 0.8602347 0.2578751 0.8602347 0.3917331 0 P 0
L 0.8667325 0.2559081 0.8667325 0.3307101 0 P 0
L 0.8667325 0.2559081 1.0005905 0.2559081 0 P 0
L 0.8667325 0.3307101 1.0005905 0.3307101 0 P 0
L 0.8728669 0.7693614 0.8728669 0.8756614 0 P 0
L 0.8728669 0.7693614 0.9319229 0.7693614 0 P 0
L 0.8728669 0.8756614 0.9319229 0.8756614 0 P 0
L 0.8836949 0.8225114 0.9210949 0.8225114 1 P 0
L 0.9023949 0.8038114 0.9023949 0.8412114 1 P 0
L 0.9114181 0.4035443 0.9114181 0.4625983 0 P 0
L 0.9139765 0.2933101 0.9533465 0.2933101 1 P 0
L 0.9212599 0.4803141 0.9212599 0.6141741 0 P 0
L 0.9212599 0.4803141 1.0551179 0.4803141 0 P 0
L 0.9212599 0.6141741 1.0551179 0.6141741 0 P 0
L 0.9232284 0.3464567 0.9232284 0.4803149 1 P 0
L 0.9232284 0.3464567 1.0649606 0.3464567 1 P 0
L 0.9232284 0.4803149 1.0649606 0.4803149 1 P 0
L 0.9319229 0.7693614 0.9319229 0.8756614 0 P 0
L 0.9336625 0.2736241 0.9336625 0.3129941 1 P 0
L 0.9685039 0.5472441 1.0078739 0.5472441 1 P 0
L 0.9744095 0.4133858 1.0137795 0.4133858 2 P 0
L 0.9881899 0.5275601 0.9881899 0.5669301 1 P 0
L 0.9940945 0.3937008 0.9940945 0.4330708 2 P 0
L 1.0005905 0.2559081 1.0005905 0.3307101 0 P 0
L 1.0551179 0.4803141 1.0551179 0.6141741 0 P 0
L 1.0649606 0.3464567 1.0649606 0.4803149 1 P 0
