#Layer_Color=1930808
#
#Feature symbol names
#
$0 r3.937
$1 r1
$2 rect114.174x25.59

#
#Feature attribute names
#

#
#Layer features
#
A 0.6468509 1.2759841 0.6468509 1.2759841 0.6271659 1.2759841 0 P 0 N
L 0.0458659 1.4561021 0.0458659 1.5250001 0 P 0
L 0.0458659 1.4561021 0.0832679 1.4561021 0 P 0
L 0.0458659 1.5250001 0.0832679 1.5250001 0 P 0
L 0.0610239 0.2933081 0.0610239 0.3799221 0 P 0
L 0.0610239 0.2933081 0.1161419 0.2933081 0 P 0
L 0.0610239 0.3799221 0.1161419 0.3799221 0 P 0
L 0.0832679 1.4561021 0.0832679 1.5250001 0 P 0
L 0.1161419 0.2933081 0.1161419 0.3799221 0 P 0
L 0.1496059 1.1998041 0.1496059 1.3474401 0 P 0
L 0.1496059 1.1998041 0.2637799 1.1998041 0 P 0
L 0.1496059 1.3474401 0.2637799 1.3474401 0 P 0
L 0.1517879 1.4177961 0.1517879 1.5577961 1 P 0
L 0.1517879 1.4177961 0.2897879 1.4177961 1 P 0
L 0.1517879 1.5577961 0.2897879 1.5577961 1 P 0
L 0.1889759 1.0826781 0.1889759 1.1377961 0 P 0
L 0.1889759 1.0826781 0.2755899 1.0826781 0 P 0
L 0.1889759 1.1377961 0.2755899 1.1377961 0 P 0
L 0.2637799 1.1998041 0.2637799 1.3474401 0 P 0
L 0.2755899 1.0826781 0.2755899 1.1377961 0 P 0
L 0.2897879 1.4177961 0.2897879 1.5577961 1 P 0
L 0.3169299 1.2677161 0.3169299 1.3543301 0 P 0
L 0.3169299 1.2677161 0.3720479 1.2677161 0 P 0
L 0.3169299 1.3543301 0.3720479 1.3543301 0 P 0
L 0.3257879 1.1417321 0.3257879 1.2106301 0 P 0
L 0.3257879 1.1417321 0.3631899 1.1417321 0 P 0
L 0.3257879 1.2106301 0.3631899 1.2106301 0 P 0
L 0.3631899 1.1417321 0.3631899 1.2106301 0 P 0
L 0.3720479 1.2677161 0.3720479 1.3543301 0 P 0
L 0.3720479 1.4685041 0.3720479 1.5236221 0 P 0
L 0.3720479 1.4685041 0.4586619 1.4685041 0 P 0
L 0.3720479 1.5236221 0.4586619 1.5236221 0 P 0
L 0.4586619 1.4685041 0.4586619 1.5236221 0 P 0
L 0.4990159 1.3395661 0.4990159 1.3769681 0 P 0
L 0.4990159 1.3395661 0.5679139 1.3395661 0 P 0
L 0.4990159 1.3769681 0.5679139 1.3769681 0 P 0
L 0.5051179 1.1145661 0.5051179 1.3114181 0 P 0
L 0.5051179 1.1145661 0.6625999 1.1145661 0 P 0
L 0.5051179 1.3114181 0.6625999 1.3114181 0 P 0
L 0.5679139 1.3395661 0.5679139 1.3769681 0 P 0
L 0.5956699 1.4374021 0.5956699 1.4925201 0 P 0
L 0.5956699 1.4374021 0.7059059 1.4374021 0 P 0
L 0.5956699 1.4925201 0.7059059 1.4925201 0 P 0
L 0.6131899 1.3395661 0.6131899 1.3769681 0 P 0
L 0.6131899 1.3395661 0.6820859 1.3395661 0 P 0
L 0.6131899 1.3769681 0.6820859 1.3769681 0 P 0
L 0.6625999 1.1145661 0.6625999 1.3114181 0 P 0
L 0.6820859 1.3395661 0.6820859 1.3769681 0 P 0
L 0.7059059 1.4374021 0.7059059 1.4925201 0 P 0
L 0.7992119 1.1998041 0.7992119 1.3474401 0 P 0
L 0.7992119 1.1998041 0.9133859 1.1998041 0 P 0
L 0.7992119 1.3474401 0.9133859 1.3474401 0 P 0
L 0.8224679 1.1111668 0.8224679 1.1485688 0 P 0
L 0.8224679 1.1111668 0.8913659 1.1111668 0 P 0
L 0.8224679 1.1485688 0.8913659 1.1485688 0 P 0
L 0.8228339 1.4566921 0.8228339 1.5118121 0 P 0
L 0.8228339 1.4566921 0.9094479 1.4566921 0 P 0
L 0.8228339 1.5118121 0.9094479 1.5118121 0 P 0
L 0.8913659 1.1111668 0.8913659 1.1485688 0 P 0
L 0.9094479 1.4566921 0.9094479 1.5118121 0 P 0
L 0.9133859 1.1998041 0.9133859 1.3474401 0 P 0
P 0.2066921 1.3346363 2 P 0 0
P 0.8563041 1.3346419 2 P 0 0
