#Layer_Color=16711935
#
#Feature symbol names
#
$0 r7.874
$1 r4.9213
$2 r3.937

#
#Feature attribute names
#

#
#Layer features
#
A 0.3523621 1.3193077 0.35822 1.3051656 0.3723621 1.3193077 0 P 0 N
A 0.3523621 1.4511975 0.35822 1.4370554 0.3723621 1.4511975 0 P 0 N
A 0.3523625 1.4511979 0.3523621 1.451198 0.3523621 1.4511975 0 P 0 N
A 0.3528637 1.6261211 0.3642602 1.6199334 0.3690067 1.6422641 0 P 0 N
A 0.3623622 1.3700786 0.3523622 1.3600786 0.3623622 1.3600786 0 P 0 N
A 0.3623623 1.6515748 0.3523623 1.6415748 0.3623623 1.6415748 0 P 0 N
A 0.3623623 1.781496 0.3523623 1.771496 0.3623623 1.771496 1 P 0 N
A 0.3642602 1.6199334 0.7735352 1.6199334 0.5688977 2.5826771 0 P 0 N
A 0.3699213 1.3700786 0.3799213 1.3800786 0.3699213 1.3800786 0 P 0 N
A 0.3799213 1.4070699 0.3740634 1.421212 0.3599213 1.4070699 0 P 0 N
A 0.4035433 1.0710235 0.4135433 1.0610235 0.4135433 1.0710235 0 P 0 N
A 0.4035433 1.2431393 0.3917324 1.2716533 0.3632184 1.2431393 0 P 0 N
A 0.7735352 1.6199334 0.7849317 1.6261211 0.7687887 1.6422641 0 P 0 N
A 0.7754331 1.0610235 0.7854331 1.0710235 0.7754331 1.0710235 0 P 0 N
A 0.7854331 1.6415748 0.7754331 1.6515748 0.7754331 1.6415748 0 P 0 N
A 0.7854331 1.771496 0.7754331 1.781496 0.7754331 1.771496 1 P 0 N
L 0.0492119 0.2814961 0.0492119 0.3681101 2 P 0
L 0.0492119 0.2814961 0.1043299 0.2814961 2 P 0
L 0.0492119 0.3681101 0.1043299 0.3681101 2 P 0
L 0.1043299 0.2814961 0.1043299 0.3681101 2 P 0
L 0.1205243 0.5114246 0.1205243 0.5803226 2 P 0
L 0.1205243 0.5114246 0.1579243 0.5114246 2 P 0
L 0.1205243 0.5803226 0.1579243 0.5803226 2 P 0
L 0.1338579 0.2814961 0.1338579 0.3681101 2 P 0
L 0.1338579 0.2814961 0.1889759 0.2814961 2 P 0
L 0.1338579 0.3681101 0.1889759 0.3681101 2 P 0
L 0.1518811 0.8159461 0.1518811 0.8848441 2 P 0
L 0.1518811 0.8159461 0.1892831 0.8159461 2 P 0
L 0.1518811 0.8848441 0.1892831 0.8848441 2 P 0
L 0.1579243 0.5114246 0.1579243 0.5803226 2 P 0
L 0.1889759 0.2814961 0.1889759 0.3681101 2 P 0
L 0.1892831 0.8159461 0.1892831 0.8848441 2 P 0
L 0.2135826 0.4763779 0.2135826 0.6830708 2 P 0
L 0.2135826 0.4763779 0.8503936 0.4763779 2 P 0
L 0.2135826 0.6840551 0.8503936 0.6840551 2 P 0
L 0.2185039 0.2814961 0.2185039 0.3681101 2 P 0
L 0.2185039 0.2814961 0.2736219 0.2814961 2 P 0
L 0.2185039 0.3681101 0.2736219 0.3681101 2 P 0
L 0.2273619 0.8159441 0.2273619 0.8848421 2 P 0
L 0.2273619 0.8159441 0.2647639 0.8159441 2 P 0
L 0.2273619 0.8848421 0.2647639 0.8848421 2 P 0
L 0.2647639 0.8159441 0.2647639 0.8848421 2 P 0
L 0.2736219 0.2814961 0.2736219 0.3681101 2 P 0
L 0.2962599 0.8159441 0.2962599 0.8848421 2 P 0
L 0.2962599 0.8159441 0.3336619 0.8159441 2 P 0
L 0.2962599 0.8848421 0.3336619 0.8848421 2 P 0
L 0.3336619 0.8159441 0.3336619 0.8848421 2 P 0
L 0.3340559 0.2649601 0.3340559 0.3846461 2 P 0
L 0.3340559 0.2649601 0.3891739 0.2649601 2 P 0
L 0.3340559 0.3846461 0.3891739 0.3846461 2 P 0
L 0.3523619 1.3193081 0.3523619 1.3600781 0 P 0
L 0.3523619 1.4511981 0.3523619 1.5649601 0 P 0
L 0.3523619 1.5649601 0.3523619 1.6415741 0 P 0
L 0.3523619 1.6624801 0.3523619 1.6829521 1 P 0
L 0.3523619 1.6963381 0.3523619 1.7168121 1 P 0
L 0.3523619 1.7301961 0.3523619 1.7506701 1 P 0
L 0.3523619 1.7640561 0.3523619 1.7714961 1 P 0
L 0.3582199 1.3051661 0.3917319 1.2716541 0 P 0
L 0.3582199 1.4370561 0.3740639 1.4212121 0 P 0
L 0.3623619 1.3700781 0.3699219 1.3700781 0 P 0
L 0.3623619 1.6515741 0.7754339 1.6515741 0 P 0
L 0.3623619 1.7814961 0.3759839 1.7814961 1 P 0
L 0.3799219 1.3800781 0.3799219 1.4083541 0 P 0
L 0.3891739 0.2649601 0.3891739 0.3846461 2 P 0
L 0.3893699 1.7814961 0.4098419 1.7814961 1 P 0
L 0.4035439 1.0710241 0.4035439 1.2431401 0 P 0
L 0.4135439 1.0610241 0.7754339 1.0610241 0 P 0
L 0.4143699 0.8159441 0.4143699 0.8848421 2 P 0
L 0.4143699 0.8159441 0.4517719 0.8159441 2 P 0
L 0.4143699 0.8848421 0.4517719 0.8848421 2 P 0
L 0.4232279 1.7814961 0.4436999 1.7814961 1 P 0
L 0.4517719 0.8159441 0.4517719 0.8848421 2 P 0
L 0.4570859 1.7814961 0.4775599 1.7814961 1 P 0
L 0.4679134 0.2773709 0.4679134 0.3639849 2 P 0
L 0.4679134 0.2773709 0.5230314 0.2773709 2 P 0
L 0.4679134 0.3639849 0.5230314 0.3639849 2 P 0
L 0.4803146 0.8159441 0.4803146 0.8848421 2 P 0
L 0.4803146 0.8159441 0.5177166 0.8159441 2 P 0
L 0.4803146 0.8848421 0.5177166 0.8848421 2 P 0
L 0.4909459 1.7814961 0.5114179 1.7814961 1 P 0
L 0.5177166 0.8159441 0.5177166 0.8848421 2 P 0
L 0.5230314 0.2773709 0.5230314 0.3639849 2 P 0
L 0.5248039 1.7814961 0.5452759 1.7814961 1 P 0
L 0.5482293 0.8159441 0.5482293 0.8848421 2 P 0
L 0.5482293 0.8159441 0.5856313 0.8159441 2 P 0
L 0.5482293 0.8848421 0.5856313 0.8848421 2 P 0
L 0.5521657 0.2773709 0.5521657 0.3639849 2 P 0
L 0.5521657 0.2773709 0.6072837 0.2773709 2 P 0
L 0.5521657 0.3639849 0.6072837 0.3639849 2 P 0
L 0.5586619 1.7814961 0.5791339 1.7814961 1 P 0
L 0.5856313 0.8159441 0.5856313 0.8848421 2 P 0
L 0.5925199 1.7814961 0.6129919 1.7814961 1 P 0
L 0.6072837 0.2773709 0.6072837 0.3639849 2 P 0
L 0.6263779 1.7814961 0.6468499 1.7814961 1 P 0
L 0.6338577 0.8159441 0.6338577 0.8848421 2 P 0
L 0.6338577 0.8159441 0.6712597 0.8159441 2 P 0
L 0.6338577 0.8848421 0.6712597 0.8848421 2 P 0
L 0.6602359 1.7814961 0.6807099 1.7814961 1 P 0
L 0.6712594 0.2649611 0.6712594 0.3846471 2 P 0
L 0.6712594 0.2649611 0.7263774 0.2649611 2 P 0
L 0.6712594 0.3846471 0.7263774 0.3846471 2 P 0
L 0.6712597 0.8159441 0.6712597 0.8848421 2 P 0
L 0.6940939 1.7814961 0.7145679 1.7814961 1 P 0
L 0.7018066 0.8159441 0.7018066 0.8848421 2 P 0
L 0.7018066 0.8159441 0.7392086 0.8159441 2 P 0
L 0.7018066 0.8848421 0.7392086 0.8848421 2 P 0
L 0.7263774 0.2649611 0.7263774 0.3846471 2 P 0
L 0.7279539 1.7814961 0.7484259 1.7814961 1 P 0
L 0.7392086 0.8159441 0.7392086 0.8848421 2 P 0
L 0.7618119 1.7814961 0.7754339 1.7814961 1 P 0
L 0.7854339 1.0710241 0.7854339 1.6415741 0 P 0
L 0.7854339 1.6624801 0.7854339 1.6829521 1 P 0
L 0.7854339 1.6963381 0.7854339 1.7168121 1 P 0
L 0.7854339 1.7301961 0.7854339 1.7506701 1 P 0
L 0.7854339 1.7640561 0.7854339 1.7714961 1 P 0
L 0.7952747 0.2814971 0.7952747 0.3681111 2 P 0
L 0.7952747 0.2814971 0.8503927 0.2814971 2 P 0
L 0.7952747 0.3681111 0.8503927 0.3681111 2 P 0
L 0.8238181 0.4143703 0.8238181 0.4517723 2 P 0
L 0.8238181 0.4143703 0.8927161 0.4143703 2 P 0
L 0.8238181 0.4517723 0.8927161 0.4517723 2 P 0
L 0.8503927 0.2814971 0.8503927 0.3681111 2 P 0
L 0.8503936 0.4763779 0.8503936 0.6840551 2 P 0
L 0.8836949 0.7880634 0.8836949 0.8569614 2 P 0
L 0.8836949 0.7880634 0.9210949 0.7880634 2 P 0
L 0.8836949 0.8569614 0.9210949 0.8569614 2 P 0
L 0.8903545 0.2657501 0.8903545 0.3208681 2 P 0
L 0.8903545 0.2657501 0.9769685 0.2657501 2 P 0
L 0.8903545 0.3208681 0.9769685 0.3208681 2 P 0
L 0.8927161 0.4143703 0.8927161 0.4517723 2 P 0
L 0.9210949 0.7880634 0.9210949 0.8569614 2 P 0
L 0.9311019 0.5196861 0.9311019 0.5748041 2 P 0
L 0.9311019 0.5196861 1.0452759 0.5196861 2 P 0
L 0.9311019 0.5748041 1.0452759 0.5748041 2 P 0
L 0.9350394 0.3543307 0.9350394 0.4724409 2 P 0
L 0.9350394 0.3543307 1.0531496 0.3543307 2 P 0
L 0.9350394 0.4724409 1.0531496 0.4724409 2 P 0
L 0.9769685 0.2657501 0.9769685 0.3208681 2 P 0
L 1.0452759 0.5196861 1.0452759 0.5748041 2 P 0
L 1.0531496 0.3543307 1.0531496 0.4724409 2 P 0
S P 0
OB 0.9744095 0.3543307 I
OS 0.9350394 0.3543307
OS 0.9350403 0.3937017
OS 0.9744095 0.3543307
OE
SE
