#Layer_Color=32768
#
#Feature symbol names
#
$0 r3.937
$1 r1.9685
$2 r7.874
$3 r6

#
#Feature attribute names
#

#
#Layer features
#
L 0.0059055 0.0157481 0.0059055 0.2677166 1 P 0
L 0.0059055 0.0157481 0.3661418 0.0157481 1 P 0
L 0.0059055 0.2677166 0.3661418 0.2677166 1 P 0
L 0.1466536 1.1712597 0.1466536 1.305118 1 P 0
L 0.1466536 1.1712597 0.2214567 1.1712597 1 P 0
L 0.1466536 1.305118 0.2214567 1.305118 1 P 0
L 0.1584646 0.6181103 0.1584646 0.6614174 0 P 0
L 0.1584646 0.6181103 0.2549213 0.6181103 0 P 0
L 0.1584646 0.6614174 0.2549213 0.6614174 0 P 0
L 0.1584646 0.6761812 0.1584646 0.7194883 0 P 0
L 0.1584646 0.6761812 0.2549213 0.6761812 0 P 0
L 0.1584646 0.7194883 0.2549213 0.7194883 0 P 0
L 0.1643701 1.2381888 0.2037402 1.2381888 0 P 0
L 0.1653543 0.8031496 0.1653543 0.988189 1 P 0
L 0.1653543 0.8031496 0.3661417 0.8031496 1 P 0
L 0.1653543 0.988189 0.3661417 0.988189 1 P 0
L 0.167323 0.1377953 0.206693 0.1377953 1 P 0
L 0.1732283 0.3912402 0.1732283 0.5250984 1 P 0
L 0.1732283 0.3912402 0.2401575 0.3912402 1 P 0
L 0.1732283 0.5250984 0.2401575 0.5250984 1 P 0
L 0.1830709 1.007874 0.1830709 1.0984252 1 P 0
L 0.1830709 1.007874 0.3681103 1.007874 1 P 0
L 0.1830709 1.0984252 0.3681103 1.0984252 1 P 0
L 0.1840551 1.2185038 0.1840551 1.2578739 0 P 0
L 0.1870079 0.4581693 0.2263779 0.4581693 0 P 0
L 0.187008 0.1181103 0.187008 0.1574803 1 P 0
L 0.1958661 0.6397638 0.2175197 0.6397638 0 P 0
L 0.1958661 0.6978347 0.2175197 0.6978347 0 P 0
L 0.2066929 0.4384842 0.2066929 0.4778543 0 P 0
L 0.2066929 0.6289371 0.2066929 0.6505906 0 P 0
L 0.2066929 0.687008 0.2066929 0.7086615 0 P 0
L 0.2068897 1.3405512 0.2068897 1.4153543 1 P 0
L 0.2068897 1.3405512 0.340748 1.3405512 1 P 0
L 0.2068897 1.4153543 0.340748 1.4153543 1 P 0
L 0.2204724 1.1521064 0.2204724 1.2899017 1 P 0
L 0.2204724 1.1521064 0.3110236 1.1521064 1 P 0
L 0.2204724 1.2899017 0.2204724 1.3292718 1 P 0
L 0.2204724 1.3292718 0.3976378 1.3292718 1 P 0
L 0.2214567 1.1712597 0.2214567 1.305118 1 P 0
L 0.2401575 0.3912402 0.2401575 0.5250984 1 P 0
L 0.246063 0.9123031 0.2854331 0.9123031 0 P 0
L 0.2541338 1.3779528 0.2935039 1.3779528 0 P 0
L 0.2549213 0.6181103 0.2549213 0.6614174 0 P 0
L 0.2549213 0.6761812 0.2549213 0.7194883 0 P 0
L 0.2559056 1.0531496 0.2952757 1.0531496 0 P 0
L 0.265748 0.8926181 0.265748 0.9319882 0 P 0
L 0.273622 0.4448819 0.273622 0.7362205 1 P 0
L 0.273622 0.4448819 0.6870078 0.4448819 1 P 0
L 0.273622 0.7362205 0.6870078 0.7362205 1 P 0
L 0.2738188 1.3582677 0.2738188 1.3976378 0 P 0
L 0.2755906 1.0334646 0.2755906 1.0728347 0 P 0
L 0.2765748 0.2775591 0.2765748 0.4114173 1 P 0
L 0.2765748 0.2775591 0.343504 0.2775591 1 P 0
L 0.2765748 0.4114173 0.343504 0.4114173 1 P 0
L 0.2903544 0.3444882 0.3297244 0.3444882 0 P 0
L 0.2972441 1.2406891 0.3208661 1.2406891 0 P 0
L 0.3090551 1.2288781 0.3090551 1.2525001 0 P 0
L 0.3100394 0.3248031 0.3100394 0.3641732 0 P 0
L 0.3110236 1.1521064 0.3976378 1.1521064 1 P 0
L 0.340748 1.3405512 0.340748 1.4153543 1 P 0
L 0.343504 0.2775591 0.343504 0.4114173 1 P 0
L 0.3543307 -0.0570866 0.3543307 0.2185039 2 P 0
L 0.3543307 -0.0570866 0.7086615 -0.0570866 2 P 0
L 0.3543307 0.2185039 0.7086615 0.2185039 2 P 0
L 0.3661417 0.8031496 0.3661417 0.988189 1 P 0
L 0.3661418 0.0157481 0.3661418 0.2677166 1 P 0
L 0.3677165 1.3405513 0.3677165 1.4153544 1 P 0
L 0.3677165 1.3405513 0.5015748 1.3405513 1 P 0
L 0.3677165 1.4153544 0.5015748 1.4153544 1 P 0
L 0.3681103 1.007874 0.3681103 1.0984252 1 P 0
L 0.3779527 0.8051181 0.3779527 0.9901575 1 P 0
L 0.3779527 0.8051181 0.4685039 0.8051181 1 P 0
L 0.3779527 0.9901575 0.4685039 0.9901575 1 P 0
L 0.3899606 1.2267716 0.3899606 1.3055118 1 P 0
L 0.3899606 1.2267716 0.4923228 1.2267716 1 P 0
L 0.3899606 1.3055118 0.4923228 1.3055118 1 P 0
L 0.39598 1.1299211 0.39598 1.1889762 1 P 0
L 0.39598 1.1299211 0.5022793 1.1299211 1 P 0
L 0.39598 1.1889762 0.5022793 1.1889762 1 P 0
L 0.3976378 1.1521064 0.3976378 1.3292718 1 P 0
L 0.4035432 0.8976378 0.4429133 0.8976378 0 P 0
L 0.4149606 1.3779528 0.4543307 1.3779528 0 P 0
L 0.4214566 1.2661417 0.4608267 1.2661417 0 P 0
L 0.4232283 0.8779528 0.4232283 0.9173229 0 P 0
L 0.4304289 1.1594487 0.4678304 1.1594487 0 P 0
L 0.4346457 1.3582678 0.4346457 1.3976379 0 P 0
L 0.4411417 1.2464567 0.4411417 1.2858268 0 P 0
L 0.4491296 1.1407479 0.4491296 1.1781495 0 P 0
L 0.4606299 0.5905512 0.4999999 0.5905512 0 P 0
L 0.4625984 1.0127952 0.4625984 1.1190945 1 P 0
L 0.4625984 1.0127952 0.5216535 1.0127952 1 P 0
L 0.4625984 1.1190945 0.5216535 1.1190945 1 P 0
L 0.4685039 0.8051181 0.4685039 0.9901575 1 P 0
L 0.4734252 1.0659449 0.5108268 1.0659449 0 P 0
L 0.4803149 0.5708662 0.4803149 0.6102363 0 P 0
L 0.480862 0.7706692 0.480862 0.8100393 1 P 0
L 0.480862 0.7706692 0.5556651 0.7706692 1 P 0
L 0.480862 0.8100393 0.5556651 0.8100393 1 P 0
L 0.492126 1.0472441 0.492126 1.0846456 0 P 0
L 0.4923228 1.2267716 0.4923228 1.3055118 1 P 0
L 0.4937007 0.8159605 0.4937007 0.9222598 1 P 0
L 0.4937007 0.8159605 0.5527558 0.8159605 1 P 0
L 0.4937007 0.9222598 0.5527558 0.9222598 1 P 0
L 0.5015748 1.3405513 0.5015748 1.4153544 1 P 0
L 0.5022793 1.1299211 0.5022793 1.1889762 1 P 0
L 0.5045275 0.8691102 0.5419291 0.8691102 0 P 0
L 0.5064961 0.0688976 0.5564961 0.0688976 2 P 0
L 0.5080273 0.7903542 0.5284998 0.7903542 0 P 0
L 0.5089567 1.1751968 0.5089567 1.3090551 1 P 0
L 0.5089567 1.1751968 0.5837598 1.1751968 1 P 0
L 0.5089567 1.3090551 0.5837598 1.3090551 1 P 0
L 0.5177165 1.3366141 0.5177165 1.3956692 1 P 0
L 0.5177165 1.3366141 0.6240158 1.3366141 1 P 0
L 0.5177165 1.3956692 0.6240158 1.3956692 1 P 0
L 0.5182636 0.780118 0.5182636 0.8005904 0 P 0
L 0.5216535 1.0127952 0.5216535 1.1190945 1 P 0
L 0.5232283 0.8504094 0.5232283 0.8878109 0 P 0
L 0.5266732 1.242126 0.5660433 1.242126 0 P 0
L 0.5314961 0.0438976 0.5314961 0.0938976 2 P 0
L 0.5452756 0.9822834 0.5452756 1.1240157 1 P 0
L 0.5452756 0.9822834 0.8523622 0.9822834 1 P 0
L 0.5452756 1.1240157 0.8523622 1.1240157 1 P 0
L 0.5463583 1.2224409 0.5463583 1.261811 0 P 0
L 0.5521654 1.3661417 0.5895669 1.3661417 0 P 0
L 0.5527558 0.8159605 0.5527558 0.9222598 1 P 0
L 0.5556651 0.7706692 0.5556651 0.8100393 1 P 0
L 0.5688976 0.7687007 0.5688976 0.9360236 1 P 0
L 0.5688976 0.7687007 0.7106299 0.7687007 1 P 0
L 0.5688976 0.9360236 0.7106299 0.9360236 1 P 0
L 0.5708661 1.3474409 0.5708661 1.3848425 0 P 0
L 0.5837598 1.1751968 0.5837598 1.3090551 1 P 0
L 0.6067677 1.2129921 0.6067677 1.3192914 1 P 0
L 0.6067677 1.2129921 0.6658228 1.2129921 1 P 0
L 0.6067677 1.3192914 0.6658228 1.3192914 1 P 0
L 0.6175944 1.2661417 0.654996 1.2661417 0 P 0
L 0.6200787 0.8523622 0.6594488 0.8523622 0 P 0
L 0.6240158 1.3366141 0.6240158 1.3956692 1 P 0
L 0.6334645 1.1287402 0.6334645 1.2035433 1 P 0
L 0.6334645 1.1287402 0.7673228 1.1287402 1 P 0
L 0.6334645 1.2035433 0.7673228 1.2035433 1 P 0
L 0.6362952 1.247441 0.6362952 1.2848425 0 P 0
L 0.6397638 0.8326771 0.6397638 0.8720472 0 P 0
L 0.6658228 1.2129921 0.6658228 1.3192914 1 P 0
L 0.6751968 1.242126 0.6751968 1.3759842 1 P 0
L 0.6751968 1.242126 0.742126 1.242126 1 P 0
L 0.6751968 1.3759842 0.742126 1.3759842 1 P 0
L 0.6791339 1.0531496 0.718504 1.0531496 0 P 0
L 0.6807086 1.1661417 0.7200787 1.1661417 0 P 0
L 0.6870078 0.4448819 0.6870078 0.7362205 1 P 0
L 0.6889764 1.3090551 0.7283464 1.3090551 0 P 0
L 0.6988189 1.0334645 0.6988189 1.0728346 0 P 0
L 0.7003937 1.1464567 0.7003937 1.1858268 0 P 0
L 0.704941 0.1732283 0.704941 0.2795276 1 P 0
L 0.704941 0.1732283 0.7639961 0.1732283 1 P 0
L 0.704941 0.2795276 0.7639961 0.2795276 1 P 0
L 0.7086614 1.28937 0.7086614 1.3287401 0 P 0
L 0.7086615 -0.0570866 0.7086615 0.2185039 2 P 0
L 0.7106299 0.7687007 0.7106299 0.9360236 1 P 0
L 0.7140748 0.5374016 0.7140748 0.6437008 1 P 0
L 0.7140748 0.5374016 0.7731299 0.5374016 1 P 0
L 0.7140748 0.6437008 0.7731299 0.6437008 1 P 0
L 0.7157677 0.2263779 0.7531693 0.2263779 0 P 0
L 0.7249016 0.5905512 0.7623031 0.5905512 0 P 0
L 0.7287401 0.785433 0.7287401 0.9192913 1 P 0
L 0.7287401 0.785433 0.8035432 0.785433 1 P 0
L 0.7287401 0.9192913 0.8035432 0.9192913 1 P 0
L 0.7344685 0.2076772 0.7344685 0.2450787 0 P 0
L 0.742126 1.242126 0.742126 1.3759842 1 P 0
L 0.7436024 0.5718504 0.7436024 0.609252 0 P 0
L 0.7464566 0.8523622 0.7858267 0.8523622 0 P 0
L 0.7566142 0.3932086 0.7566142 0.4995079 1 P 0
L 0.7566142 0.3932086 0.8156693 0.3932086 1 P 0
L 0.7566142 0.4995079 0.8156693 0.4995079 1 P 0
L 0.7639961 0.1732283 0.7639961 0.2795276 1 P 0
L 0.7661417 0.8326771 0.7661417 0.8720472 0 P 0
L 0.7673228 1.1287402 0.7673228 1.2035433 1 P 0
L 0.7674409 0.4463582 0.8048425 0.4463582 0 P 0
L 0.7724763 0.0659763 0.7724763 0.1702441 3 P 0
L 0.7724763 0.0659763 0.8079763 0.0659763 3 P 0
L 0.7724763 0.1702441 0.8079763 0.1702441 3 P 0
L 0.7731299 0.5374016 0.7731299 0.6437008 1 P 0
L 0.7834646 1.1279527 0.7834646 1.234252 1 P 0
L 0.7834646 1.1279527 0.8425197 1.1279527 1 P 0
L 0.7834646 1.234252 0.8425197 1.234252 1 P 0
L 0.7861417 0.4276575 0.7861417 0.465059 0 P 0
L 0.7942914 1.1811024 0.831693 1.1811024 0 P 0
L 0.8035432 0.785433 0.8035432 0.9192913 1 P 0
L 0.8079763 0.0381102 0.8079763 0.0659763 3 P 0
L 0.8079763 0.0381102 0.9659763 0.0381102 3 P 0
L 0.8079763 0.1702441 0.8079763 0.1981102 3 P 0
L 0.8079763 0.1981102 0.9659763 0.1981102 3 P 0
L 0.8129922 1.1624016 0.8129922 1.1998031 0 P 0
L 0.8156693 0.3932086 0.8156693 0.4995079 1 P 0
L 0.8366142 0.3932086 0.8366142 0.4995079 1 P 0
L 0.8366142 0.3932086 0.8956693 0.3932086 1 P 0
L 0.8366142 0.4995079 0.8956693 0.4995079 1 P 0
L 0.8425197 1.1279527 0.8425197 1.234252 1 P 0
L 0.8464567 0.7342519 0.8464567 0.8405512 1 P 0
L 0.8464567 0.7342519 0.9055118 0.7342519 1 P 0
L 0.8464567 0.8405512 0.9055118 0.8405512 1 P 0
L 0.8464567 0.8562992 0.8464567 0.9625985 1 P 0
L 0.8464567 0.8562992 0.9055118 0.8562992 1 P 0
L 0.8464567 0.9625985 0.9055118 0.9625985 1 P 0
L 0.8474409 0.4463582 0.8848425 0.4463582 0 P 0
L 0.8523622 0.9822834 0.8523622 1.1240157 1 P 0
L 0.8572835 0.7874016 0.8946851 0.7874016 0 P 0
L 0.8572835 0.9094489 0.8946851 0.9094489 0 P 0
L 0.8661417 0.4276575 0.8661417 0.465059 0 P 0
L 0.8759843 0.7687008 0.8759843 0.8061023 0 P 0
L 0.8759843 0.8907481 0.8759843 0.9281496 0 P 0
L 0.8956693 0.3932086 0.8956693 0.4995079 1 P 0
L 0.9055118 0.7342519 0.9055118 0.8405512 1 P 0
L 0.9055118 0.8562992 0.9055118 0.9625985 1 P 0
L 0.9659763 0.0381102 0.9659763 0.0659763 3 P 0
L 0.9659763 0.0659763 1.0014763 0.0659763 3 P 0
L 0.9659763 0.1702441 0.9659763 0.1981102 3 P 0
L 0.9659763 0.1702441 1.0014763 0.1702441 3 P 0
L 1.0014763 0.0659763 1.0014763 0.1702441 3 P 0
S P 0
OB 0.8079763 0.0659763 I
OS 0.7724763 0.0659763
OS 0.7724763 0.1702441
OS 0.8079763 0.1702441
OS 0.8079763 0.1981102
OS 0.9659763 0.1981102
OS 0.9659763 0.1702441
OS 1.0014763 0.1702441
OS 1.0014763 0.0659763
OS 0.9659763 0.0659763
OS 0.9659763 0.0381102
OS 0.8079763 0.0381102
OS 0.8079763 0.0659763
OE
SE
