#Layer_Color=16711935
#
#Feature symbol names
#
$0 r3.937
$1 r1

#
#Feature attribute names
#

#
#Layer features
#
A 0.2234247 0.8886806 0.2234247 0.8886806 0.2037397 0.8886806 0 P 0 N
A 0.6614172 0.6338583 0.6614172 0.6338583 0.6417322 0.6338583 0 P 0 N
A 0.6653543 1.0787401 0.6653543 1.0787401 0.6456693 1.0787401 0 P 0 N
L 0.1397638 1.1904528 0.1397638 1.2770669 0 P 0
L 0.1397638 1.1904528 0.1948819 1.1904528 0 P 0
L 0.1397638 1.2770669 0.1948819 1.2770669 0 P 0
L 0.1751968 0.861122 0.1751968 0.9448819 0 P 0
L 0.1751968 0.861122 0.3562992 0.861122 0 P 0
L 0.1751968 0.9448819 0.3562992 0.9448819 0 P 0
L 0.1801181 0.4227362 0.1801181 0.4936024 0 P 0
L 0.1801181 0.4227362 0.2332677 0.4227362 0 P 0
L 0.1801181 0.4936024 0.2332677 0.4936024 0 P 0
L 0.1860236 0.6289371 0.1860236 0.6505906 0 P 0
L 0.1860236 0.6289371 0.2273622 0.6289371 0 P 0
L 0.1860236 0.6505906 0.2273622 0.6505906 0 P 0
L 0.1860236 0.687008 0.1860236 0.7086615 0 P 0
L 0.1860236 0.687008 0.2273622 0.687008 0 P 0
L 0.1860236 0.7086615 0.2273622 0.7086615 0 P 0
L 0.1948819 1.1904528 0.1948819 1.2770669 0 P 0
L 0.2086615 1.0177166 0.2086615 1.0885827 0 P 0
L 0.2086615 1.0177166 0.3425197 1.0177166 0 P 0
L 0.2086615 1.0885827 0.3425197 1.0885827 0 P 0
L 0.21999 1.1496015 0.21999 1.3110159 0 P 0
L 0.21999 1.1496015 0.3814044 1.1496015 0 P 0
L 0.21999 1.3110159 0.3814044 1.3110159 0 P 0
L 0.2273622 0.6289371 0.2273622 0.6505906 0 P 0
L 0.2273622 0.687008 0.2273622 0.7086615 0 P 0
L 0.2305118 1.3503937 0.2305118 1.4055118 0 P 0
L 0.2305118 1.3503937 0.3171259 1.3503937 0 P 0
L 0.2305118 1.4055118 0.3171259 1.4055118 0 P 0
L 0.2332677 0.4227362 0.2332677 0.4936024 0 P 0
L 0.2834645 0.5118111 0.2834645 0.6692914 0 P 0
L 0.2834645 0.5118111 0.6771653 0.5118111 0 P 0
L 0.2834645 0.6692914 0.6771653 0.6692914 0 P 0
L 0.2834646 0.3090551 0.2834646 0.3799213 0 P 0
L 0.2834646 0.3090551 0.3366142 0.3090551 0 P 0
L 0.2834646 0.3799213 0.3366142 0.3799213 0 P 0
L 0.3171259 1.3503937 0.3171259 1.4055118 0 P 0
L 0.3366142 0.3090551 0.3366142 0.3799213 0 P 0
L 0.3425197 1.0177166 0.3425197 1.0885827 0 P 0
L 0.3562992 0.861122 0.3562992 0.9448819 0 P 0
L 0.3814044 1.1496015 0.3814044 1.3110159 0 P 0
L 0.3877952 0.8307087 0.3877952 0.9645669 0 P 0
L 0.3877952 0.8307087 0.4586613 0.8307087 0 P 0
L 0.3877952 0.9645669 0.4586613 0.9645669 0 P 0
L 0.3913386 1.3503938 0.3913386 1.4055119 0 P 0
L 0.3913386 1.3503938 0.4779527 1.3503938 0 P 0
L 0.3913386 1.4055119 0.4779527 1.4055119 0 P 0
L 0.4102362 1.1407479 0.4102362 1.1781495 0 P 0
L 0.4102362 1.1407479 0.4791339 1.1407479 0 P 0
L 0.4102362 1.1781495 0.4791339 1.1781495 0 P 0
L 0.4175197 1.2346456 0.4175197 1.2976378 0 P 0
L 0.4175197 1.2346456 0.4647637 1.2346456 0 P 0
L 0.4175197 1.2976378 0.4647637 1.2976378 0 P 0
L 0.4586613 0.8307087 0.4586613 0.9645669 0 P 0
L 0.4647637 1.2346456 0.4647637 1.2976378 0 P 0
L 0.4734252 1.031496 0.4734252 1.1003937 0 P 0
L 0.4734252 1.031496 0.5108268 1.031496 0 P 0
L 0.4734252 1.1003937 0.5108268 1.1003937 0 P 0
L 0.4779527 1.3503938 0.4779527 1.4055119 0 P 0
L 0.4791339 1.1407479 0.4791339 1.1781495 0 P 0
L 0.497988 0.780118 0.497988 0.8005904 0 P 0
L 0.497988 0.780118 0.5385392 0.780118 0 P 0
L 0.497988 0.8005904 0.5385392 0.8005904 0 P 0
L 0.5045275 0.8346613 0.5045275 0.903559 0 P 0
L 0.5045275 0.8346613 0.5419291 0.8346613 0 P 0
L 0.5045275 0.903559 0.5419291 0.903559 0 P 0
L 0.5108268 1.031496 0.5108268 1.1003937 0 P 0
L 0.5187992 1.1988189 0.5187992 1.285433 0 P 0
L 0.5187992 1.1988189 0.5739173 1.1988189 0 P 0
L 0.5187992 1.285433 0.5739173 1.285433 0 P 0
L 0.5364173 1.3474409 0.5364173 1.3848425 0 P 0
L 0.5364173 1.3474409 0.605315 1.3474409 0 P 0
L 0.5364173 1.3848425 0.605315 1.3848425 0 P 0
L 0.5385392 0.780118 0.5385392 0.8005904 0 P 0
L 0.5419291 0.8346613 0.5419291 0.903559 0 P 0
L 0.5739173 1.1988189 0.5739173 1.285433 0 P 0
L 0.5797244 0.8179133 0.5797244 0.886811 0 P 0
L 0.5797244 0.8179133 0.6998031 0.8179133 0 P 0
L 0.5797244 0.886811 0.6998031 0.886811 0 P 0
L 0.605315 1.3474409 0.605315 1.3848425 0 P 0
L 0.6102363 0.992126 0.6102363 1.1141732 0 P 0
L 0.6102363 0.992126 0.7874016 0.992126 0 P 0
L 0.6102363 1.1141732 0.7874016 1.1141732 0 P 0
L 0.6175944 1.2316929 0.6175944 1.3005906 0 P 0
L 0.6175944 1.2316929 0.654996 1.2316929 0 P 0
L 0.6175944 1.3005906 0.654996 1.3005906 0 P 0
L 0.654996 1.2316929 0.654996 1.3005906 0 P 0
L 0.6570866 1.1385827 0.6570866 1.1937008 0 P 0
L 0.6570866 1.1385827 0.7437007 1.1385827 0 P 0
L 0.6570866 1.1937008 0.7437007 1.1937008 0 P 0
L 0.6771653 0.5118111 0.6771653 0.6692914 0 P 0
L 0.6820866 1.273622 0.6820866 1.3444882 0 P 0
L 0.6820866 1.273622 0.7352362 1.273622 0 P 0
L 0.6820866 1.3444882 0.7352362 1.3444882 0 P 0
L 0.6998031 0.8179133 0.6998031 0.886811 0 P 0
L 0.7157677 0.1919291 0.7157677 0.2608268 0 P 0
L 0.7157677 0.1919291 0.7531693 0.1919291 0 P 0
L 0.7157677 0.2608268 0.7531693 0.2608268 0 P 0
L 0.7249016 0.5561024 0.7249016 0.625 0 P 0
L 0.7249016 0.5561024 0.7623031 0.5561024 0 P 0
L 0.7249016 0.625 0.7623031 0.625 0 P 0
L 0.7352362 1.273622 0.7352362 1.3444882 0 P 0
L 0.7385826 0.8090551 0.7385826 0.8956692 0 P 0
L 0.7385826 0.8090551 0.7937007 0.8090551 0 P 0
L 0.7385826 0.8956692 0.7937007 0.8956692 0 P 0
L 0.7437007 1.1385827 0.7437007 1.1937008 0 P 0
L 0.7531693 0.1919291 0.7531693 0.2608268 0 P 0
L 0.7623031 0.5561024 0.7623031 0.625 0 P 0
L 0.7674409 0.4119094 0.7674409 0.4808071 0 P 0
L 0.7674409 0.4119094 0.8048425 0.4119094 0 P 0
L 0.7674409 0.4808071 0.8048425 0.4808071 0 P 0
L 0.7874016 0.992126 0.7874016 1.1141732 0 P 0
L 0.7937007 0.8090551 0.7937007 0.8956692 0 P 0
L 0.7942914 1.1466535 0.7942914 1.2155512 0 P 0
L 0.7942914 1.1466535 0.831693 1.1466535 0 P 0
L 0.7942914 1.2155512 0.831693 1.2155512 0 P 0
L 0.8048425 0.4119094 0.8048425 0.4808071 0 P 0
L 0.8179763 0.0481102 0.8179763 0.1881102 1 P 0
L 0.8179763 0.0481102 0.9559763 0.0481102 1 P 0
L 0.8179763 0.1881102 0.9559763 0.1881102 1 P 0
L 0.831693 1.1466535 0.831693 1.2155512 0 P 0
L 0.8474409 0.4119094 0.8474409 0.4808071 0 P 0
L 0.8474409 0.4119094 0.8848425 0.4119094 0 P 0
L 0.8474409 0.4808071 0.8848425 0.4808071 0 P 0
L 0.8572835 0.7529527 0.8572835 0.8218504 0 P 0
L 0.8572835 0.7529527 0.8946851 0.7529527 0 P 0
L 0.8572835 0.8218504 0.8946851 0.8218504 0 P 0
L 0.8572835 0.875 0.8572835 0.9438977 0 P 0
L 0.8572835 0.875 0.8946851 0.875 0 P 0
L 0.8572835 0.9438977 0.8946851 0.9438977 0 P 0
L 0.8848425 0.4119094 0.8848425 0.4808071 0 P 0
L 0.8946851 0.7529527 0.8946851 0.8218504 0 P 0
L 0.8946851 0.875 0.8946851 0.9438977 0 P 0
L 0.9559763 0.0481102 0.9559763 0.1881102 1 P 0
